Probe Name	Annotation	Accession #	NS Probe ID	Class Name	Analyte Type	Species Name	% Samples above Threshold	Positive Flag	Avg Count	20200717_Qi 2 of 4_OV2-14_02.RCC	20200717_QL-TGFB_OV2-10_10.RCC	20200717_QL-TGFB_OV2-11_11.RCC	20200717_QL-TGFB_OV2-12_12.RCC	20200717_QL-TGFB_OV2-1_01.RCC	20200717_QL-TGFB_OV2-2_02.RCC	20200717_QL-TGFB_OV2-3_03.RCC	20200717_QL-TGFB_OV2-4_04.RCC	20200717_QL-TGFB_OV2-5_05.RCC	20200717_QL-TGFB_OV2-6_06.RCC	20200717_QL-TGFB_OV2-7_07.RCC	20200717_QL-TGFB_OV2-8_08.RCC	20200717_QL-TGFB_OV2-9_09.RCC	20200717_Qi 2 of 4_OV1-5_09.RCC	20200717_Qi 2 of 4_OV2-13_01.RCC	20200717_Qi 2 of 4_OV2-15_03.RCC	20200717_Qi 2 of 4_OV2-16_04.RCC	20200717_Qi 2 of 4_OV2-17_05.RCC	20200717_Qi 2 of 4_OV2-18_06.RCC	20200717_Qi 2 of 4_OV2-19_07.RCC	20200717_Qi 2 of 4_OV2-20_08.RCC	20200717_Qi 2 of 4_OV2-22_10.RCC	20200717_Qi 2 of 4_OV2-23_11.RCC	20200717_Qi 2 of 4_OV2-24_12.RCC	20200721_Qi 3 of 4_OV-10_10.RCC	20200721_Qi 3 of 4_OV-11_11.RCC	20200721_Qi 3 of 4_OV-12_12.RCC	20200721_Qi 3 of 4_OV-1_01.RCC	20200721_Qi 3 of 4_OV-2_02.RCC	20200721_Qi 3 of 4_OV-3_03.RCC	20200721_Qi 3 of 4_OV-4_04.RCC	20200721_Qi 3 of 4_OV-5_05.RCC	20200721_Qi 3 of 4_OV-6_06.RCC	20200721_Qi 3 of 4_OV-7_07.RCC	20200721_Qi 3 of 4_OV-8_08.RCC	20200721_Qi 3 of 4_OV-9_09.RCC	20200721_Qi 4 of 4_OV-10-2_12.RCC	20200721_Qi 4 of 4_OV-13_01.RCC	20200721_Qi 4 of 4_OV-14_02.RCC	20200721_Qi 4 of 4_OV-15_03.RCC	20200721_Qi 4 of 4_OV-16_04.RCC	20200721_Qi 4 of 4_OV-17_05.RCC	20200721_Qi 4 of 4_OV-18_06.RCC	20200721_Qi 4 of 4_OV-5-2_07.RCC	20200721_Qi 4 of 4_OV-6-2_08.RCC	20200721_Qi 4 of 4_OV-7-2_09.RCC	20200721_Qi 4 of 4_OV-8-2_10.RCC	20200721_Qi 4 of 4_OV-9-2_11.RCC
										ICO	ICO	ICO	ICO	ICO	ICO	ICO	ICO	ICO	ICO	ICO	ICO	ICO	UCSF	ICO	ICO	ICO	ICO	ICO	ICO	ICO	ICO	ICO	ICO	UCSF	UCSF	UCSF	UCSF	UCSF	UCSF	UCSF	UCSF	UCSF	UCSF	UCSF	UCSF	UCSF	UCSF	UCSF	UCSF	UCSF	UCSF	UCSF	UCSF	UCSF	UCSF	UCSF	UCSF
															FLAG																																										
ABCG1		NM_004915.3		Endogenous	mRNA		97,92	false	79,23	4,39	336,34	94,79	41,16	30,68	57,77	81,53	34,46	122,86	145,72	308,13	32,68	177,13	21,72	32,06	141,08	111,29	91,83	72,63	24,85	88,51	88,16	60,03	74,89	39,95	129,22	88,69	42,46	29,14	113,12	162,53	33,03	38,56	89,09	56,98	74,27	32,57	22,06	47,93	159,32	53,19	49,65	27,31	24,03	31,05	87,55	48,07	48,38
ABL1		NM_007313.2		Endogenous	mRNA		95,83	false	110,27	197,03	122,93	211,51	189,32	204,27	225,31	125,49	182,79	242,87	168,58	88,97	203,87	102,94	22,80	181,02	215,26	198,65	205,16	270,52	118,92	150,90	203,45	126,18	123,43	100,45	25,84	12,82	49,54	47,68	67,09	4,53	34,54	15,77	45,72	47,48	133,68	89,21	45,70	19,17	97,15	76,24	4,62	51,41	17,71	19,40	60,31	48,07	96,76
AMIGO2		NM_001143668.1		Endogenous	mRNA		97,92	false	99,03	4,39	107,05	108,92	93,29	61,36	184,87	70,90	54,31	144,29	24,14	160,08	87,15	21,33	52,12	103,71	90,18	29,49	81,07	702,30	10,65	35,48	44,08	37,36	45,76	63,93	29,82	90,83	31,84	55,62	103,92	23,90	64,57	61,34	124,25	64,58	224,15	76,47	141,81	45,53	283,67	375,87	24,83	64,27	48,06	36,22	122,57	88,12	153,21
APE2		NM_014481.3		Endogenous	mRNA		70,83	false	14,22	4,39	13,51	27,14	11,16	17,76	40,44	36,16	22,78	20,00	15,95	38,82	21,79	17,62	14,66	20,74	11,64	8,90	11,58	12,66	10,65	25,74	13,56	16,54	7,19	15,98	4,62	4,08	8,85	9,27	13,15	4,53	3,82	7,01	9,38	4,00	20,25	15,58	17,33	6,64	19,43	17,73	4,62	9,64	17,71	12,94	3,11	8,07	3,46
APEX1		NM_001641.4		Endogenous	mRNA		97,92	false	498,88	4,39	243,11	367,27	148,16	302,77	115,55	170,86	259,29	272,87	369,92	194,43	369,61	432,16	822,53	177,25	189,08	278,78	355,73	391,79	237,84	534,20	179,71	275,64	486,77	783,08	763,37	591,98	1740,83	572,11	910,26	372,87	633,67	715,02	565,00	1050,34	640,05	642,90	499,50	951,42	279,78	592,18	457,91	493,26	805,62	695,98	536,99	926,11	546,31
ASF1A		NM_014034.3		Endogenous	mRNA		95,83	false	63,96	4,39	47,65	79,55	11,16	25,84	57,77	29,07	36,79	35,72	53,03	46,03	42,02	36,17	88,50	26,40	36,36	75,12	62,87	117,27	79,87	109,18	33,91	47,16	42,99	38,81	43,73	100,44	90,23	78,14	78,92	121,90	84,09	77,11	85,57	56,98	97,22	53,81	63,03	110,24	73,83	63,83	80,00	57,84	79,68	72,44	75,88	60,89	100,80
ATM		NM_000051.3		Endogenous	mRNA		100,00	false	217,49	236,43	170,59	115,61	74,08	97,69	80,88	123,36	83,51	127,15	150,47	122,63	77,04	82,54	249,20	173,48	205,08	120,19	263,07	155,92	79,87	104,89	203,45	139,66	145,62	246,57	411,50	190,20	511,28	492,65	252,56	219,90	587,12	210,30	232,10	284,90	259,26	198,25	159,15	469,72	404,13	299,63	273,09	78,73	233,97	228,98	221,80	293,21	298,35
BCL2		NM_000657.2		Endogenous	mRNA		85,42	false	26,67	4,39	31,77	11,42	11,16	13,12	57,77	44,66	28,62	24,29	16,38	16,49	17,90	14,09	17,37	22,63	36,36	47,30	23,16	118,60	8,87	41,33	16,95	14,09	12,48	26,25	41,75	18,17	10,61	10,59	51,30	26,29	10,51	15,77	17,58	17,09	33,76	25,49	28,36	6,64	81,60	60,28	19,31	2,41	10,12	12,94	29,18	22,43	50,40
BCL2L1		NM_138578.1		Endogenous	mRNA		100,00	false	147,97	472,87	324,60	244,97	422,53	209,11	34,66	206,31	89,93	175,72	299,64	116,45	132,28	347,77	85,24	165,94	207,99	127,98	126,57	40,65	273,34	136,86	84,77	179,47	84,60	134,70	117,29	41,67	56,61	88,73	176,26	83,66	61,57	106,90	120,74	176,64	102,62	126,03	99,27	117,43	116,58	60,28	129,65	101,22	93,59	103,49	99,23	137,79	60,48
BRCA1		NM_007294.3		Endogenous	mRNA		60,42	false	16,10	4,39	22,79	13,01	11,16	13,12	3,01	15,60	13,85	10,63	21,13	23,70	13,41	14,09	21,72	18,86	7,94	20,59	13,24	5,88	12,42	24,18	3,16	28,79	7,19	6,77	29,82	71,59	23,00	18,54	6,36	11,95	10,51	19,28	15,24	20,89	17,55	8,74	11,03	6,64	3,46	7,09	4,62	40,17	22,76	19,40	19,46	30,44	3,46
BRCA2		NM_000059.3		Endogenous	mRNA		85,42	false	23,26	4,39	26,24	31,97	11,16	13,12	28,89	10,63	18,10	15,71	30,18	19,92	40,46	14,09	23,35	26,40	7,94	15,02	33,09	5,88	30,17	23,01	20,34	39,81	18,03	14,84	15,90	21,37	38,92	9,27	9,21	4,53	15,02	26,29	15,24	37,99	32,41	14,16	59,88	21,57	42,74	21,28	30,34	24,10	21,50	28,46	29,18	40,06	34,27
CA12		NM_001218.3		Endogenous	mRNA		87,50	false	67,20	216,73	104,98	24,16	68,59	33,10	98,21	38,28	84,68	57,15	15,64	132,59	24,90	14,09	51,58	49,03	34,91	141,89	157,18	11,99	3,46	27,29	444,20	31,85	51,31	6,77	194,82	9,62	37,15	11,92	11,84	401,55	16,52	40,31	4,69	15,19	18,90	8,74	86,66	119,83	159,32	15,96	4,62	27,31	41,74	24,58	7,78	17,62	24,19
CASP8		NM_001228.4		Endogenous	mRNA		97,92	false	198,50	4,39	155,39	108,17	101,52	109,80	80,88	141,08	139,57	155,72	91,83	118,51	119,05	92,74	249,20	160,28	101,81	195,31	195,24	59,97	76,32	191,84	162,76	143,94	98,46	242,00	284,28	188,06	348,52	169,51	334,11	346,58	168,18	339,99	294,22	302,00	99,92	219,49	256,84	436,17	442,99	157,80	364,12	133,36	254,21	353,17	272,38	357,31	108,86
CCDC99		NM_017785.4		Endogenous	mRNA		95,83	false	41,44	4,39	19,34	36,43	11,16	31,49	40,44	79,40	44,97	30,00	22,42	26,79	18,68	17,62	50,49	18,86	13,09	23,37	38,88	8,00	39,05	15,21	30,52	30,63	30,51	37,67	35,78	48,08	83,15	29,14	73,66	62,14	36,04	75,36	30,48	83,57	51,31	36,82	42,54	62,31	27,20	44,32	60,69	109,26	46,79	60,80	27,24	86,52	56,45
CCL20		NM_004591.1		Endogenous	mRNA		87,50	false	98,01	4,39	139,51	53,90	43,90	13,12	80,88	41,83	53,73	51,43	17,68	71,79	22,57	57,50	17,92	5,76	7,94	10,02	40,54	5,88	14,20	31,58	64,43	150,68	13,87	47,94	168,98	5,34	252,99	497,95	134,17	105,17	453,48	33,30	264,92	32,29	16,20	56,64	445,92	6,64	676,14	10,64	19,31	38,56	22,76	25,87	309,35	36,85	28,22
CCND1		NM_053056.2		Endogenous	mRNA		100,00	false	1098,08	1556,53	1196,88	674,31	2071,50	197,00	127,10	362,28	423,98	371,44	1697,39	952,21	902,63	1912,27	251,92	844,77	1098,14	1279,26	1169,77	91,29	733,06	1278,18	542,53	157,42	751,66	2389,20	1836,86	56,63	741,27	3763,74	1971,79	1293,09	4255,50	285,66	2111,15	1699,91	712,96	2029,23	178,05	1344,44	244,81	767,70	1103,39	337,41	237,77	196,63	2151,84	1708,01	647,10
CCND2		NM_001759.2		Endogenous	mRNA		89,58	false	88,89	4,39	125,01	43,86	11,16	40,37	92,44	161,64	71,83	230,01	109,94	140,84	89,49	19,48	20,09	241,36	167,27	27,82	97,62	601,02	35,50	144,27	88,16	50,84	44,38	67,35	29,82	4,08	67,23	27,81	107,86	4,53	16,52	15,77	77,37	22,79	229,55	104,79	29,94	6,64	174,86	115,24	57,93	38,56	27,82	14,23	116,74	20,83	229,81
CDKN1A		NM_000389.2		Endogenous	mRNA		100,00	false	106,73	118,22	224,46	133,82	79,57	44,41	236,87	93,58	110,96	108,58	167,71	63,89	56,80	25,97	45,61	73,54	346,17	49,52	220,05	149,26	24,85	67,85	230,57	80,24	61,02	99,31	23,86	141,05	28,31	58,27	39,46	35,85	61,57	28,04	110,19	47,48	291,67	154,35	39,39	19,17	221,49	304,95	49,65	44,99	35,41	18,11	77,82	46,47	332,62
CDKN2D		NM_001800.3		Endogenous	mRNA		81,25	false	26,82	4,39	51,80	50,18	35,67	56,52	63,55	88,62	46,72	38,57	54,75	14,28	19,45	38,02	9,23	39,60	24,73	26,71	23,99	5,88	23,07	24,96	23,74	56,35	33,28	7,99	4,62	20,30	2,41	29,14	6,36	4,53	52,56	26,29	18,76	18,99	28,36	18,41	22,06	16,78	27,20	8,86	4,62	27,31	5,04	10,35	17,51	36,85	18,14
CHEK2		NM_001005735.1		Endogenous	mRNA		93,75	false	42,61	4,39	22,79	57,62	11,16	13,12	46,22	44,66	28,62	35,72	39,66	28,17	32,68	40,80	59,72	15,09	17,45	63,99	51,29	9,99	24,85	44,45	13,56	41,04	23,58	34,25	53,67	53,43	123,84	39,73	48,67	31,07	37,54	85,87	11,72	66,48	75,62	45,31	39,39	107,84	54,40	47,87	55,17	30,53	48,06	46,57	27,24	40,06	70,56
CHRNA9		NM_017581.2		Endogenous	mRNA		6,25	false	7,02	4,39	13,51	11,42	11,16	13,12	3,01	6,47	13,85	10,63	15,64	14,28	13,41	14,09	8,85	5,76	7,94	6,57	6,28	5,88	3,46	7,90	3,16	6,47	7,19	6,77	4,62	4,08	2,41	9,27	6,36	4,53	18,02	1,75	3,11	4,00	2,41	8,74	4,00	6,64	3,46	3,11	4,62	2,41	5,04	2,41	3,11	8,07	3,46
CIB1		NM_001277764.1		Endogenous	mRNA		97,92	false	287,34	4,39	238,27	205,94	117,98	151,79	52,00	146,76	182,21	315,73	210,40	444,16	255,23	192,90	203,05	228,16	171,63	356,68	292,03	103,95	136,67	358,73	257,70	246,85	180,29	383,55	487,05	253,25	366,21	717,79	189,42	334,63	770,31	219,06	664,64	229,82	272,76	403,58	225,33	237,25	660,59	226,94	223,44	223,33	239,03	200,52	692,64	243,54	274,16
COL4A2		NM_001846.2		Endogenous	mRNA		100,00	false	383,56	531,98	684,43	324,15	438,99	369,78	121,32	581,35	1006,22	677,17	782,95	245,95	278,57	276,36	346,93	624,15	376,71	170,27	507,95	111,27	218,32	738,13	603,56	364,45	520,06	319,63	292,23	97,24	152,15	505,89	101,29	145,80	442,97	343,49	429,03	123,46	479,36	356,85	212,72	127,02	590,65	359,92	91,03	520,57	306,06	294,95	523,37	184,26	510,02
CTGF		NM_001901.2		Endogenous	mRNA		100,00	false	679,76	1103,36	1810,87	1365,73	1059,07	93,66	69,33	156,68	199,72	418,59	183,23	129,16	322,15	529,54	312,72	490,27	1867,56	279,33	331,74	343,82	149,10	389,15	712,07	149,46	95,69	569,62	35,78	30,99	550,20	523,11	781,35	81,27	578,11	266,38	247,34	24,69	5676,70	498,46	146,54	93,46	1457,19	1069,11	510,32	694,09	344,00	201,81	258,77	44,86	5382,46
DLC1		NM_006094.3		Endogenous	mRNA		47,92	false	12,32	4,39	30,39	11,42	11,16	13,12	3,01	21,27	13,85	27,14	23,28	14,28	13,41	14,09	8,85	32,06	24,73	6,57	9,93	11,99	3,46	10,14	3,16	9,80	7,19	6,77	4,62	8,55	10,61	13,24	6,36	4,53	9,01	5,26	10,55	4,00	33,76	8,74	4,00	6,64	34,97	21,28	16,55	2,41	5,04	3,88	9,73	8,07	24,19
DNA2		NM_001080449.2		Endogenous	mRNA		93,75	false	41,85	4,39	16,58	24,53	11,16	20,99	34,66	53,88	53,73	18,57	50,01	30,92	42,80	24,11	69,49	26,40	14,54	42,29	37,23	8,00	23,07	72,53	3,16	45,33	34,67	20,55	69,58	90,83	109,69	50,32	40,78	33,46	55,56	105,15	29,31	56,98	62,11	24,07	29,94	79,08	23,32	14,18	57,93	33,74	73,35	59,51	23,35	46,47	56,45
DNAJB9		NM_012328.2		Endogenous	mRNA		89,58	false	24,68	137,92	38,68	14,87	11,16	16,95	3,01	17,02	13,85	35,72	18,54	18,55	13,41	29,68	12,49	24,51	30,54	10,02	26,47	12,66	33,72	15,21	54,25	15,93	11,09	15,98	27,83	24,58	23,00	33,11	27,62	23,90	27,03	12,27	14,07	24,69	41,86	24,07	20,48	6,64	73,83	26,59	16,55	9,64	13,91	16,82	19,46	14,42	30,24
DSC2		NM_024422.3		Endogenous	mRNA		100,00	false	367,80	394,06	265,21	142,00	216,75	197,00	121,32	72,31	126,14	138,58	216,43	39,85	314,37	96,45	182,97	154,62	69,82	231,48	221,71	11,99	280,44	621,15	179,71	245,62	506,19	279,67	405,54	37,40	668,73	675,41	1561,39	497,16	687,73	615,13	83,23	436,85	155,29	308,70	346,66	448,15	198,18	65,60	2126,78	1454,06	201,09	553,68	107,01	525,54	169,34
EGFR		NM_201282.1		Endogenous	mRNA		95,83	false	56,94	98,51	73,21	92,19	11,16	27,45	46,22	55,30	29,78	81,43	34,49	59,43	31,90	45,44	36,92	41,48	48,00	36,17	75,28	81,29	15,97	64,73	84,77	25,73	49,93	71,92	23,86	32,06	17,69	164,22	85,50	19,12	130,64	52,58	96,12	30,39	86,42	86,38	55,15	6,64	38,86	118,79	46,89	19,28	35,41	68,56	105,06	22,43	72,57
ENC1		NM_003633.2		Endogenous	mRNA		97,92	false	161,23	4,39	177,50	489,94	235,96	226,87	63,55	132,58	80,01	112,86	167,28	43,97	92,60	134,47	77,10	301,70	219,63	77,35	163,80	326,50	172,17	92,41	98,33	105,97	147,00	127,85	322,05	84,42	180,45	121,84	127,59	133,85	121,63	173,50	151,22	98,77	334,88	130,28	77,21	136,60	120,46	234,03	41,38	435,42	70,82	177,23	155,65	91,33	346,74
ERCC1		NM_001983.3		Endogenous	mRNA		100,00	false	150,52	177,33	127,08	87,73	101,52	133,22	92,44	126,20	84,09	154,29	120,72	107,52	105,05	154,87	154,19	118,80	175,99	198,65	131,54	126,60	95,85	92,02	81,38	83,30	115,11	187,21	89,46	88,69	97,30	62,24	278,87	167,31	73,58	177,00	192,24	218,42	141,78	301,62	129,21	184,53	217,61	237,58	303,43	115,68	182,12	200,52	186,78	293,21	153,21
F3		NM_001993.3		Endogenous	mRNA		93,75	false	105,93	4,39	50,42	25,65	32,92	40,37	52,00	61,68	41,46	124,29	36,65	493,97	38,13	31,53	26,06	47,14	101,81	253,18	196,89	88,62	14,20	62,78	50,86	31,85	360,57	59,36	33,80	326,98	33,61	23,84	32,89	4,53	28,53	17,53	239,13	55,08	257,91	46,73	53,57	6,64	540,13	445,02	22,07	11,25	22,76	20,70	237,36	48,07	249,97
FAAP24		NM_152266.5		Endogenous	mRNA		50,00	false	10,66	4,39	13,51	11,42	11,16	13,12	3,01	21,27	16,35	10,63	15,64	14,28	13,41	15,77	8,85	16,97	11,64	6,57	10,75	5,88	7,10	8,58	3,16	14,70	11,09	6,77	4,62	8,55	12,38	19,86	13,15	4,53	12,01	5,26	7,03	13,30	25,66	8,74	12,61	6,64	3,46	8,86	4,62	12,85	5,04	5,17	3,11	8,07	30,24
FANCB		NM_001018113.2		Endogenous	mRNA		83,33	false	40,05	4,39	13,51	76,20	11,16	30,68	34,66	43,96	49,64	17,14	15,64	32,29	22,57	14,09	57,55	22,63	7,94	29,49	19,03	7,33	21,30	33,92	3,16	66,77	13,87	44,52	31,81	74,80	222,91	45,03	40,78	21,51	28,53	57,83	23,44	45,58	101,27	29,74	42,54	127,02	3,46	14,18	52,41	32,13	53,12	59,51	13,62	27,24	80,64
FANCC		NM_001243743.1		Endogenous	mRNA		81,25	false	19,98	4,39	18,65	27,51	11,16	23,41	3,01	6,47	35,04	10,63	15,64	14,28	21,01	24,11	22,80	18,86	14,54	23,93	10,75	10,66	21,30	27,68	3,16	37,36	23,58	6,77	11,93	19,23	23,00	15,89	11,84	16,73	9,01	40,31	10,55	34,19	28,36	12,74	23,64	21,57	27,20	21,28	16,55	30,53	16,44	41,40	11,67	56,08	22,17
FANCD2		NM_033084.3		Endogenous	mRNA		95,83	false	73,82	4,39	40,06	143,49	11,16	40,37	23,11	121,23	54,31	50,00	76,31	101,34	70,81	54,72	100,98	66,00	16,00	154,69	96,79	19,99	44,37	62,39	23,74	64,32	90,14	67,35	85,48	145,32	72,53	39,73	39,46	69,32	49,55	77,11	50,41	205,13	93,17	55,23	105,57	122,22	46,63	79,78	80,00	56,23	101,18	91,85	44,75	152,22	82,65
FANCE		NM_021922.2		Endogenous	mRNA		95,83	false	27,57	4,39	30,39	26,39	38,41	30,68	57,77	29,07	33,87	24,29	21,13	27,48	13,41	22,26	16,29	22,63	23,27	39,51	19,85	37,31	37,27	42,50	40,69	29,40	20,80	28,54	33,80	23,51	19,46	25,16	30,25	19,12	19,52	24,54	22,27	60,78	24,31	33,99	28,36	19,17	19,43	26,59	13,79	28,92	20,24	19,40	36,97	40,06	16,13
FANCF		NM_022725.2		Endogenous	mRNA		97,92	false	56,35	118,22	31,77	73,23	63,11	51,67	63,55	56,01	37,96	25,72	50,01	32,29	64,58	79,76	102,61	39,60	56,72	61,77	32,26	18,66	15,97	84,61	37,30	41,04	7,19	28,54	51,69	39,54	76,07	52,97	30,25	86,05	51,05	77,11	59,78	51,28	51,31	18,41	34,67	88,67	38,86	47,87	91,03	72,30	116,35	91,85	68,10	68,90	66,52
FANCM		NM_020937.4		Endogenous	mRNA		97,92	false	75,39	4,39	49,04	84,01	32,92	88,81	127,10	97,84	65,41	80,00	84,07	46,03	41,24	51,01	89,04	64,11	72,72	30,05	95,14	69,30	72,77	63,95	54,25	91,27	110,95	31,96	81,51	227,60	42,46	90,05	89,45	117,12	117,12	84,12	44,54	87,37	63,46	33,99	97,69	127,02	81,60	63,83	55,17	93,19	98,65	72,44	54,48	56,08	42,33
FAP		NM_004460.2		Endogenous	mRNA		75,00	false	92,03	4,39	147,11	69,14	11,16	32,30	3,01	144,63	172,28	234,29	146,59	14,28	131,50	14,09	129,76	216,85	221,08	26,71	273,83	5,88	3,46	100,60	132,24	75,95	113,72	264,83	4,62	4,08	33,61	38,41	144,69	4,53	42,04	77,11	91,43	4,00	139,08	216,66	18,91	40,74	221,49	26,59	33,10	136,57	146,71	98,32	66,15	8,07	131,03
FGF2		NM_002006.4		Endogenous	mRNA		50,00	false	19,72	4,39	13,51	11,42	11,16	13,12	127,10	42,54	26,28	15,71	15,64	14,28	21,79	14,09	8,85	22,63	20,36	23,93	6,28	44,64	3,46	7,90	23,74	6,47	7,19	23,97	4,62	4,08	31,84	7,95	13,15	4,53	3,82	1,75	7,03	4,00	74,27	21,24	4,00	6,64	23,32	70,92	16,55	6,43	13,91	2,41	3,11	8,07	82,65
FN1		NM_054034.2		Endogenous	mRNA		100,00	false	3428,85	2423,46	7318,06	2929,59	1311,49	1072,20	392,86	2548,73	9128,95	5973,08	4521,35	419,08	3258,04	1537,60	3424,22	12120,90	6959,71	1216,94	16345,28	656,32	275,12	4074,33	5988,16	5701,41	6150,54	8871,90	693,79	79,07	767,80	656,87	5545,76	282,04	759,80	2392,17	1843,89	319,09	2360,34	8233,05	975,36	913,07	8067,02	980,46	769,61	3814,31	3560,17	2309,16	1898,91	328,46	2415,05
GEN1		NM_182625.4		Endogenous	mRNA		100,00	false	96,45	98,51	52,49	77,69	49,39	130,80	57,77	60,97	131,40	47,14	68,55	80,72	58,36	33,39	146,05	69,77	18,91	57,87	55,43	8,66	102,95	65,12	33,91	107,80	42,99	53,65	139,16	189,13	475,90	119,19	82,87	59,75	120,13	168,24	114,88	75,97	168,79	60,89	118,18	69,50	81,60	62,05	115,86	88,37	110,03	173,35	112,85	51,27	161,27
HEY1		NM_001040708.1		Endogenous	mRNA		64,58	false	21,11	4,39	13,51	11,42	11,16	13,12	75,10	62,39	35,04	20,00	35,35	80,38	13,41	14,09	8,85	18,86	7,94	18,92	11,58	5,88	17,75	19,50	13,56	12,25	36,06	13,70	4,62	128,23	19,46	50,32	18,42	4,53	43,55	12,27	10,55	4,00	10,80	12,74	4,00	6,64	23,32	15,96	4,62	4,82	11,38	9,06	15,56	8,07	16,13
HMGA2		NM_003484.1		Endogenous	mRNA		60,42	false	27,66	4,39	13,51	27,14	11,16	25,84	23,11	17,72	28,03	10,63	97,44	14,28	31,13	178,06	8,85	54,68	7,94	32,83	6,28	29,98	14,20	157,53	3,16	9,80	7,19	7,99	11,93	4,08	23,00	9,27	6,36	4,53	10,51	5,26	22,27	22,79	117,48	8,74	20,48	6,64	3,46	21,28	4,62	22,49	5,04	2,41	17,51	25,64	129,02
HRAS1		NM_005343.3		Endogenous	mRNA		97,92	false	93,08	4,39	93,24	151,29	74,08	214,76	92,44	89,33	123,81	97,15	125,03	114,39	91,04	69,55	49,41	115,02	84,36	141,34	86,04	53,97	49,70	108,79	74,60	123,73	77,66	44,52	57,65	71,59	42,46	136,41	48,67	66,93	154,66	63,09	104,33	199,43	103,97	58,06	64,60	76,69	97,15	49,64	52,41	136,57	44,26	54,33	99,23	229,12	106,84
ID1		NM_002165.3		Endogenous	mRNA		100,00	false	208,42	1201,88	275,57	48,32	219,50	230,91	75,10	319,74	331,71	231,44	283,26	361,03	101,94	487,80	315,44	105,60	613,79	97,38	121,61	127,93	266,24	96,31	135,63	36,75	262,11	75,34	23,86	10,69	65,46	103,30	42,09	78,88	90,10	173,50	120,74	93,07	356,48	124,61	78,79	57,52	213,72	352,82	317,22	62,66	298,47	213,45	134,25	141,00	429,39
IGF2BP3		NM_006547.2		Endogenous	mRNA		93,75	false	187,40	4,39	15,88	14,87	11,16	16,95	167,54	216,23	122,05	35,72	221,61	209,20	284,02	459,06	539,67	169,71	7,94	19,48	79,42	9,33	21,30	102,55	13,56	185,60	158,10	28,54	19,88	9,62	422,82	55,62	39,46	40,63	46,55	347,00	29,31	444,45	1181,52	21,24	17,33	19,17	85,49	10,64	13,79	311,70	588,09	377,75	36,97	514,33	1247,84
IGFBP3		NM_000598.4		Endogenous	mRNA		100,00	false	596,40	709,30	450,30	249,43	268,88	697,57	496,85	326,12	470,11	1291,48	607,91	1137,70	413,97	375,59	286,12	386,56	769,42	339,99	1527,98	269,19	443,74	812,60	3075,46	435,51	735,01	179,22	439,34	26,71	376,83	401,27	630,08	203,17	396,42	762,34	808,82	761,64	511,77	165,68	441,20	162,96	1635,94	391,83	118,61	366,33	279,50	785,24	896,92	826,77	481,80
JAG1		NM_000214.2		Endogenous	mRNA		100,00	false	87,48	137,92	26,94	46,84	107,00	44,41	80,88	82,95	51,98	72,86	171,59	64,92	31,13	51,01	59,18	66,00	71,27	82,91	43,02	21,99	63,90	96,70	50,86	39,20	66,57	82,19	105,36	110,06	129,15	70,19	102,60	100,39	88,59	57,83	263,75	222,22	79,67	72,22	63,03	74,29	66,06	85,10	99,30	33,74	61,97	50,45	249,04	221,11	78,62
KLF4		NM_004235.4		Endogenous	mRNA		85,42	false	55,73	4,39	153,32	40,52	120,72	15,34	92,44	73,02	24,53	137,15	21,13	43,97	21,79	23,18	8,85	11,31	209,45	27,82	50,46	34,65	24,85	20,67	74,60	30,01	84,60	15,98	4,62	6,41	31,84	72,84	32,89	19,12	58,56	7,01	26,96	4,00	216,05	22,66	7,88	16,78	163,21	313,82	4,62	19,28	5,04	11,64	25,29	8,07	231,83
LAMB3		NM_000228.2		Endogenous	mRNA		83,33	false	60,26	4,39	170,59	182,52	46,64	66,21	3,01	97,84	63,66	78,57	15,64	98,93	31,13	204,02	11,40	5,76	30,54	124,09	54,60	13,99	81,65	87,34	16,95	67,99	31,90	121,00	71,57	4,08	33,61	29,14	107,86	4,53	10,51	14,02	153,56	51,28	6,75	145,86	58,30	40,74	124,35	10,64	57,93	27,31	5,04	14,23	184,83	22,43	3,46
LAMC2		NM_005562.2		Endogenous	mRNA		97,92	false	319,40	118,22	802,53	169,51	142,67	100,11	80,88	42,54	125,56	127,15	67,26	206,79	133,84	51,01	51,58	49,03	43,63	232,59	236,60	5,88	63,90	195,35	33,91	39,81	73,50	509,12	546,69	28,85	182,22	415,84	299,91	52,58	424,95	173,50	3374,79	81,67	79,67	631,57	207,99	162,96	202,06	51,42	135,17	170,31	58,18	177,23	3943,74	120,17	106,84
LARP6		NM_018357.2		Endogenous	mRNA		100,00	false	56,29	98,51	41,44	25,65	35,67	14,53	167,54	40,41	30,95	28,57	27,16	36,41	43,58	78,83	22,80	66,00	59,63	80,68	38,05	93,28	33,72	33,92	57,64	31,85	36,06	29,68	77,53	11,75	47,77	209,24	85,50	35,85	175,69	22,78	21,10	20,89	113,43	19,83	48,85	79,08	31,09	111,70	44,14	75,51	22,76	24,58	23,35	24,03	122,97
LIG1		NM_000234.2		Endogenous	mRNA		100,00	false	76,84	216,73	82,19	85,50	104,26	187,31	52,00	80,11	90,52	114,29	81,92	177,94	132,28	92,74	45,61	81,08	90,18	106,84	126,57	67,96	172,17	110,74	61,03	77,18	122,04	51,37	35,78	38,47	26,54	17,22	56,56	21,51	16,52	26,29	76,19	87,37	67,52	43,90	80,36	62,31	50,52	58,51	27,58	25,71	43,00	31,05	62,26	86,52	36,29
LIG3		NM_013975.3		Endogenous	mRNA		100,00	false	79,30	216,73	31,77	39,77	46,64	61,36	75,10	57,43	58,40	50,00	71,57	118,17	44,35	76,97	54,84	73,54	46,54	58,98	58,74	66,63	85,20	85,00	54,25	65,54	72,11	51,37	117,29	81,21	122,07	91,38	68,40	109,95	144,15	82,37	79,71	87,37	124,23	69,39	63,03	98,26	77,72	113,47	24,83	70,69	63,24	75,03	103,12	97,74	120,95
LIG4		NM_002312.3		Endogenous	mRNA		91,67	false	55,34	4,39	66,30	44,61	11,16	14,53	80,88	71,61	37,38	30,00	33,20	44,66	37,35	14,09	51,03	41,48	36,36	22,26	54,60	40,65	3,46	51,08	40,69	46,55	22,19	95,89	115,30	51,29	111,46	58,27	59,19	50,19	63,07	112,16	33,99	36,09	76,97	87,80	40,97	74,29	93,26	104,61	93,79	81,94	51,85	95,73	35,02	56,08	76,60
LIPG		NM_006033.2		Endogenous	mRNA		54,17	false	15,48	4,39	13,51	18,21	11,16	13,12	3,01	46,08	18,69	32,86	15,64	93,43	13,41	14,09	8,85	11,31	21,82	10,57	23,16	5,88	7,10	24,18	3,16	11,64	44,38	7,99	4,62	32,06	2,41	11,92	13,15	4,53	9,01	12,27	23,44	4,00	6,75	8,74	4,00	6,64	46,63	7,09	4,62	4,82	5,04	2,41	33,08	8,07	10,08
MAFF		NM_001161572.1		Endogenous	mRNA		100,00	false	146,57	354,65	338,42	137,91	337,48	55,71	196,43	69,48	84,09	114,29	72,00	77,29	36,57	135,40	65,69	52,80	103,27	108,51	84,38	29,32	200,57	42,89	166,15	45,94	84,60	53,65	113,31	19,23	38,92	148,32	44,72	167,31	136,64	91,13	167,63	131,05	472,61	70,80	88,24	115,03	229,27	891,81	154,47	117,29	34,15	63,39	184,83	157,02	350,77
MEN1		NM_130802.2		Endogenous	mRNA		100,00	false	133,07	236,43	142,96	93,68	233,22	187,31	150,21	107,76	131,40	115,72	340,60	198,55	111,27	281,93	74,92	164,05	114,90	186,97	172,07	165,25	159,75	173,91	125,46	178,25	117,88	110,73	127,23	111,13	65,46	143,03	105,23	52,58	166,68	64,84	131,29	148,15	137,73	75,05	97,69	52,72	151,55	67,37	41,38	67,48	89,79	60,80	103,12	132,99	118,94
MMD		NM_012329.2		Endogenous	mRNA		100,00	false	198,08	137,92	75,28	128,99	178,34	183,27	46,22	188,58	98,69	204,29	106,49	81,07	122,17	392,28	116,73	101,82	123,63	80,13	223,36	45,31	165,07	71,36	237,36	92,49	141,46	236,29	745,48	52,36	560,82	581,38	89,45	186,43	717,76	147,21	348,15	43,68	478,01	194,00	163,87	57,52	174,86	60,28	74,48	213,69	103,71	155,24	346,32	43,26	391,09
MRE11A		NM_005590.3		Endogenous	mRNA		97,92	false	58,05	4,39	58,70	64,31	38,41	72,66	80,88	53,17	44,38	44,29	61,22	63,55	49,80	48,22	39,09	92,40	74,18	104,05	95,96	53,31	65,67	65,51	37,30	67,38	62,41	54,79	25,84	20,30	84,92	95,35	119,70	35,85	99,10	31,55	80,88	56,98	71,57	69,39	39,39	35,95	38,86	60,28	13,79	56,23	51,85	32,34	56,42	51,27	62,49
MSH3		NM_002439.4		Endogenous	mRNA		100,00	false	131,09	256,14	89,78	165,42	90,54	89,62	98,21	99,26	87,60	98,58	136,67	90,34	84,82	85,32	120,53	135,77	104,72	108,51	148,91	114,61	78,10	63,56	139,02	93,10	54,09	94,75	131,20	259,66	102,61	107,27	201,26	129,07	112,62	184,01	180,52	191,83	126,93	73,64	85,09	100,65	116,58	164,89	242,75	245,83	111,29	169,47	223,74	168,24	135,07
MSH6		NM_000179.2		Endogenous	mRNA		97,92	false	65,59	4,39	59,40	49,44	60,36	81,55	57,77	27,65	87,01	45,72	31,47	60,80	59,92	49,15	64,07	77,31	24,73	69,56	52,95	140,59	83,42	93,58	44,08	63,70	88,76	51,37	109,34	67,32	42,46	112,57	59,19	81,27	81,09	49,07	71,50	36,09	135,03	50,98	66,18	35,95	66,06	108,15	46,89	49,81	51,85	62,10	44,75	83,32	108,86
MTH1		NM_002452.3		Endogenous	mRNA		91,67	false	37,03	4,39	24,86	37,54	11,16	20,99	3,01	34,03	31,54	38,57	35,35	40,19	28,01	28,75	52,12	39,60	30,54	32,27	28,95	5,88	12,42	58,10	37,30	45,94	36,06	25,11	49,70	49,15	67,23	37,08	23,68	16,73	30,03	45,57	33,99	34,19	103,97	26,91	26,79	35,95	46,63	17,73	68,96	33,74	54,38	51,75	35,02	52,87	92,73
MTOR		NM_004958.3		Endogenous	mRNA		97,92	false	66,59	4,39	104,29	54,27	54,87	83,97	23,11	82,24	78,25	70,00	137,96	84,50	75,48	68,63	91,75	103,71	69,82	92,37	124,09	56,64	49,70	143,49	44,08	80,24	63,79	81,05	25,84	80,14	77,84	67,54	60,51	31,07	52,56	103,40	26,96	43,68	63,46	69,39	56,73	43,14	46,63	46,10	52,41	59,45	88,53	78,91	19,46	33,65	46,37
MYC		NM_002467.3		Endogenous	mRNA		100,00	false	255,18	374,35	156,78	246,08	285,35	134,02	179,10	202,06	196,81	242,87	110,37	85,19	239,66	309,75	426,20	99,94	151,27	509,70	292,86	189,23	106,50	274,12	196,67	112,09	278,75	299,08	308,13	56,63	139,76	279,43	218,36	205,56	349,87	401,32	201,62	406,46	411,84	236,48	116,60	220,48	474,07	445,02	328,26	56,23	451,50	336,35	155,65	349,29	401,16
NABP2		NM_024068.4		Endogenous	mRNA		91,67	false	49,15	4,39	41,44	30,11	11,16	20,18	3,01	31,19	57,82	24,29	39,66	61,83	35,79	74,19	65,69	22,63	20,36	50,08	37,23	33,32	21,30	68,63	3,16	31,85	27,74	43,38	51,69	72,66	155,68	74,16	106,55	40,63	57,06	59,59	43,37	20,89	82,37	46,73	23,64	31,15	54,40	19,50	80,00	136,57	51,85	64,68	66,15	46,47	112,89
NBN		NM_002485.4		Endogenous	mRNA		100,00	false	309,31	197,03	283,85	171,74	167,37	171,16	63,55	200,64	231,84	182,86	263,86	214,35	194,53	291,20	288,29	230,05	190,54	624,33	259,76	164,58	319,49	235,51	189,89	145,17	535,31	361,86	345,90	511,83	352,06	576,08	224,93	822,22	704,24	354,01	464,19	283,00	189,04	331,36	219,02	464,92	330,30	326,23	317,22	321,34	259,27	275,55	507,80	336,48	151,19
NKX3-1		NR_046072.1		Endogenous	mRNA		12,50	false	8,06	4,39	13,51	11,42	11,16	13,12	40,44	15,60	13,85	10,63	15,64	14,28	13,41	14,09	8,85	5,76	7,94	6,57	6,28	8,00	3,46	7,90	3,16	6,47	7,19	6,77	4,62	4,08	2,41	5,12	6,36	4,53	3,82	5,26	3,11	4,00	2,41	8,74	4,00	6,64	15,54	7,09	4,62	2,41	5,04	2,41	3,11	8,07	3,46
NTHL1		NM_002528.7		Endogenous	mRNA		93,75	false	29,12	4,39	31,77	46,47	32,92	48,44	34,66	25,52	46,14	18,57	35,35	20,27	14,78	56,57	23,89	26,40	23,27	30,05	16,55	8,66	42,60	10,14	3,16	18,38	19,42	15,98	37,77	28,85	95,53	10,59	11,84	54,97	18,02	17,53	21,10	28,49	47,26	28,32	4,00	62,31	15,54	42,55	35,86	24,10	13,91	23,29	35,02	40,06	46,37
OGG1		NM_002542.5		Endogenous	mRNA		77,08	false	17,24	4,39	22,10	13,75	46,64	30,68	34,66	34,03	14,02	18,57	25,44	14,28	17,90	30,60	8,85	37,71	36,36	21,14	15,72	17,99	35,50	15,21	54,25	6,47	29,12	6,77	13,92	7,48	5,31	7,95	6,36	19,12	3,82	5,26	4,69	17,09	13,50	14,16	9,45	6,64	19,43	14,18	4,62	2,41	10,12	9,06	3,11	25,64	12,10
PALB2		NM_024675.3		Endogenous	mRNA		93,75	false	27,03	4,39	15,19	23,42	38,41	29,87	46,22	40,41	18,69	21,43	15,64	27,48	21,79	14,09	42,35	20,74	24,73	17,25	21,51	18,66	12,42	37,82	13,56	18,99	11,09	25,11	17,89	33,12	10,61	35,76	34,20	26,29	25,53	38,56	18,76	45,58	29,71	25,49	40,97	33,55	38,86	17,73	13,79	44,99	39,21	31,05	21,40	60,89	32,25
PARP1		NM_001618.3		Endogenous	mRNA		100,00	false	311,75	216,73	232,06	134,94	109,75	235,75	98,21	138,25	320,61	147,15	168,58	279,62	211,65	613,93	419,14	160,28	123,63	255,41	163,80	105,94	228,97	305,31	115,29	188,66	212,18	311,64	588,43	352,62	543,12	336,38	389,36	370,48	318,34	429,36	294,22	351,38	491,51	273,30	354,53	584,75	306,98	287,22	686,86	430,60	414,83	442,43	315,19	400,57	503,98
PARP2		NM_005484.3		Endogenous	mRNA		97,92	false	92,40	4,39	52,49	81,04	43,90	56,52	75,10	45,37	74,17	44,29	64,67	39,16	75,48	68,63	140,07	37,71	40,73	50,08	83,55	74,63	62,12	108,01	40,69	63,09	95,69	106,16	151,08	139,98	159,22	132,43	107,86	93,22	117,12	131,44	111,36	151,95	143,13	113,29	108,72	210,89	73,83	120,56	49,65	75,51	135,32	91,85	110,90	163,43	114,91
PARP3		NM_005485.4		Endogenous	mRNA		77,08	false	19,31	4,39	30,39	27,51	11,16	13,12	28,89	19,85	16,94	20,00	15,64	30,23	13,41	14,09	16,83	24,51	16,00	32,27	24,82	11,33	12,42	27,68	33,91	14,09	15,25	58,22	4,62	6,41	5,31	5,12	39,46	4,53	9,01	14,02	26,96	11,40	16,20	79,30	14,18	6,64	34,97	14,18	13,79	4,82	17,71	21,99	27,24	8,07	8,06
PARP4		NM_006437.3		Endogenous	mRNA		97,92	false	114,92	4,39	180,26	202,22	65,85	65,40	86,66	99,26	97,53	208,58	128,48	133,63	178,97	276,36	36,38	167,82	148,36	272,66	232,46	97,95	63,90	134,13	145,80	131,08	73,50	170,09	63,61	61,98	84,92	99,32	96,02	31,07	81,09	61,34	92,60	30,39	71,57	253,48	182,78	95,86	186,52	97,51	143,44	33,74	49,32	55,63	114,79	36,85	90,72
PCNA		NM_002592.2		Endogenous	mRNA		100,00	false	586,56	354,65	323,22	310,76	219,50	346,37	138,65	292,80	476,54	382,87	344,05	366,53	499,56	400,63	1516,39	226,28	242,90	580,37	365,66	130,60	248,49	355,22	186,49	535,96	350,86	318,48	467,17	836,67	1385,23	1340,22	564,31	509,11	1382,96	1125,11	479,43	698,96	667,05	348,35	872,94	1068,84	520,70	496,44	932,36	398,46	1472,13	1107,36	513,64	796,33	657,18
PDGFC		NM_016205.2		Endogenous	mRNA		95,83	false	196,35	4,39	84,95	58,73	43,90	25,84	34,66	41,12	67,16	40,00	62,52	42,60	30,35	14,09	82,52	88,63	91,63	110,73	82,73	363,14	35,50	77,99	37,30	93,10	52,70	458,89	240,54	99,37	603,27	267,51	394,62	224,68	262,78	92,88	241,48	108,26	893,90	521,12	189,08	426,58	205,95	292,54	234,47	419,35	61,97	75,03	272,38	129,78	1042,22
PLEK2		NM_016445.3		Endogenous	mRNA		75,00	false	17,17	4,39	13,51	26,39	11,16	15,34	52,00	24,10	35,62	28,57	15,64	14,43	13,41	17,62	11,40	5,76	11,64	22,81	17,37	5,88	3,46	7,90	20,34	20,21	7,19	10,27	17,89	25,65	12,38	33,11	15,78	16,73	30,03	19,28	15,24	4,00	4,05	22,66	9,45	33,55	27,20	21,28	16,55	14,46	17,71	16,82	15,56	8,07	10,08
PLXNA2		NM_025179.3		Endogenous	mRNA		85,42	false	32,88	4,39	31,77	17,47	52,13	42,79	69,33	20,56	35,62	35,72	75,88	21,98	18,68	112,21	8,85	54,68	55,27	63,99	30,61	75,29	37,27	36,65	27,13	21,44	22,19	33,10	25,84	14,96	2,41	5,12	18,42	31,07	10,51	8,76	72,68	22,79	37,81	21,24	20,48	6,64	27,20	37,23	4,62	17,67	5,04	3,88	97,28	51,27	30,24
POLA1		NM_016937.3		Endogenous	mRNA		95,83	false	75,64	4,39	42,82	53,16	11,16	47,64	80,88	50,34	68,33	61,43	40,53	55,99	38,91	23,18	187,31	30,17	26,18	62,32	53,77	59,97	40,82	47,18	20,34	91,27	65,18	125,57	107,35	67,32	203,45	79,46	99,97	35,85	91,60	147,21	45,72	55,08	130,98	75,05	83,51	146,19	69,95	74,47	82,75	88,37	182,12	128,07	66,15	56,08	124,99
POLD4		NM_021173.2		Endogenous	mRNA		100,00	false	104,85	98,51	135,37	57,99	170,11	71,05	34,66	53,88	60,15	92,86	90,11	84,50	63,03	72,34	65,15	77,31	93,09	85,69	98,45	39,31	60,35	55,76	108,51	52,06	91,53	114,15	103,37	117,54	148,61	174,81	106,55	43,02	133,64	73,61	426,68	136,75	87,77	113,29	85,09	21,57	124,35	92,20	71,72	120,50	58,18	55,63	470,84	120,17	120,95
POLE2		NM_001197331.1		Endogenous	mRNA		77,08	false	26,89	4,39	13,51	11,42	11,16	21,80	52,00	32,61	24,53	15,71	15,64	14,28	15,56	15,77	80,90	11,31	7,94	17,81	26,47	6,66	8,87	14,04	3,16	27,56	20,80	9,13	23,86	110,06	42,46	38,41	44,72	28,68	28,53	47,32	22,27	9,50	66,17	8,74	67,76	35,95	15,54	19,50	4,62	16,07	46,79	53,04	29,18	8,07	40,32
POLL		NM_001174085.1		Endogenous	mRNA		95,83	false	40,95	4,39	53,18	79,92	52,13	39,56	28,89	43,96	26,28	44,29	89,25	69,39	54,47	102,94	11,94	49,03	52,36	48,97	47,15	48,64	60,35	45,23	57,64	48,39	58,25	47,94	29,82	34,19	12,38	13,24	31,57	31,07	25,53	17,53	57,44	37,99	37,81	39,65	44,12	6,64	27,20	37,23	13,79	38,56	16,44	25,87	40,86	49,67	32,25
POLM		NM_001284331.1		Endogenous	mRNA		100,00	false	138,06	472,87	101,52	246,08	266,14	195,39	155,99	254,52	126,14	157,15	149,17	113,36	116,72	119,63	70,04	162,17	226,90	95,15	91,00	72,63	323,04	99,43	149,20	135,37	66,57	70,77	69,58	98,31	42,46	34,43	82,87	169,70	24,03	70,10	152,39	218,42	105,32	87,80	61,45	177,34	213,72	131,20	85,51	114,08	79,68	86,67	145,92	256,36	82,65
POLQ		NM_199420.3		Endogenous	mRNA		93,75	false	46,82	4,39	21,41	43,86	11,16	49,25	75,10	53,17	56,65	21,43	72,43	51,53	76,26	23,18	50,49	56,57	11,64	47,85	65,35	5,88	60,35	69,02	27,13	101,07	41,60	19,41	47,71	69,46	70,77	31,78	15,78	35,85	16,52	56,08	37,51	75,97	43,21	19,83	44,12	74,29	38,86	30,14	80,00	64,27	46,79	55,63	56,42	65,69	54,43
POLR2D		NM_004805.3		Endogenous	mRNA		97,92	false	162,00	4,39	122,24	101,11	87,80	114,65	63,55	107,05	138,41	81,43	114,25	106,49	108,94	102,01	340,41	128,22	84,36	159,14	120,78	111,94	145,55	120,10	71,21	154,97	59,63	187,21	302,17	339,80	270,68	319,16	181,53	126,68	289,81	255,87	150,04	49,38	141,78	232,24	193,81	313,94	163,21	124,11	190,33	141,39	380,68	285,90	167,32	75,31	145,15
POSTN		NM_006475.2		Endogenous	mRNA		87,50	false	402,66	4,39	2433,14	392,54	148,16	234,95	3,01	378,59	1442,46	1165,76	1478,81	14,28	520,57	44,51	189,48	759,91	558,52	178,62	755,30	13,33	7,10	1015,76	393,33	184,98	178,90	1027,37	4,62	11,75	19,46	215,87	509,06	4,53	222,23	162,98	206,31	4,00	344,33	887,88	50,42	150,98	1119,12	23,05	49,65	927,07	218,80	155,24	200,40	16,02	300,37
PRKDC		NM_006904.6		Endogenous	mRNA		100,00	false	999,58	1044,25	452,37	453,88	622,82	822,72	323,53	604,75	653,49	555,74	804,07	538,62	571,93	1323,38	1792,74	643,00	395,62	1186,34	383,03	265,86	1134,20	453,48	457,76	644,99	520,06	456,61	1405,48	1591,07	1496,69	1055,49	645,86	2478,62	932,49	1857,66	655,27	1346,63	1073,50	659,89	1279,47	2655,34	602,31	969,82	924,09	1850,92	1933,75	1883,55	741,28	1603,87	1231,72
PRP19		NM_014502.4		Endogenous	mRNA		97,92	false	31,23	4,39	31,08	14,87	87,80	46,02	98,21	33,32	35,62	27,14	36,65	35,04	24,90	59,35	29,32	33,94	40,73	51,75	30,61	22,65	42,60	29,24	16,95	38,59	45,76	22,83	11,93	19,23	30,08	25,16	30,25	23,90	22,52	12,27	11,72	13,30	12,15	66,56	22,06	19,17	27,20	21,28	33,10	43,38	21,50	16,82	13,62	38,45	24,19
PSCD1		NM_004762.2		Endogenous	mRNA		100,00	false	277,59	334,95	480,69	143,49	208,52	155,02	86,66	208,44	176,37	278,58	194,01	243,21	106,60	138,18	158,53	164,05	318,53	169,16	468,24	116,61	163,30	263,98	379,77	192,95	421,59	254,56	351,87	704,17	120,30	365,51	214,41	466,09	406,93	259,37	268,44	446,35	184,99	220,91	311,99	294,77	718,88	273,04	256,54	277,96	192,24	250,97	284,06	423,00	205,62
RAD17		NM_002873.1		Endogenous	mRNA		95,83	false	83,90	4,39	38,68	41,63	11,16	16,15	46,22	33,32	36,21	34,29	46,99	34,01	43,58	24,11	83,07	56,57	24,73	51,75	73,63	52,64	19,52	49,52	23,74	38,59	30,51	69,63	170,96	301,33	187,53	112,57	238,09	90,83	127,63	98,14	128,94	85,47	93,17	82,13	104,00	155,77	104,92	132,97	146,20	115,68	78,41	112,55	116,74	107,35	151,19
RAD23B		NM_002874.4		Endogenous	mRNA		100,00	false	365,14	177,33	457,90	614,84	293,58	411,76	231,09	327,54	534,94	461,45	420,79	312,59	296,47	279,14	462,03	386,56	376,71	442,37	444,25	391,13	440,19	460,89	413,68	463,07	515,90	471,45	230,60	243,63	123,84	598,60	286,76	270,09	609,64	511,73	331,74	237,42	303,82	455,98	159,15	186,93	353,61	297,86	190,33	329,37	419,88	411,38	350,21	264,37	272,15
RAD51D		NM_002878.3		Endogenous	mRNA		100,00	false	42,97	197,03	29,01	31,97	76,82	45,21	92,44	53,17	28,62	78,57	52,17	62,18	37,35	93,67	17,92	50,91	74,18	33,94	49,64	55,30	46,15	37,04	67,82	25,73	31,90	30,82	35,78	21,37	10,61	21,19	36,83	45,41	16,52	17,53	39,86	43,68	27,01	26,91	36,24	31,15	38,86	46,10	13,79	25,71	21,50	25,87	21,40	33,65	26,21
RBBP8		NM_203291.1		Endogenous	mRNA		97,92	false	90,17	4,39	46,27	116,72	60,36	79,12	40,44	52,46	89,35	52,86	36,65	91,03	90,26	101,08	54,29	32,06	34,91	101,27	91,83	30,65	21,30	161,43	30,52	230,31	69,34	119,86	135,18	43,81	206,99	132,43	303,86	26,29	132,14	70,10	127,77	49,38	156,64	123,20	162,30	59,91	73,83	115,24	55,17	38,56	48,06	102,20	132,30	44,86	149,18
RICS		XM_011543075.1		Endogenous	mRNA		93,75	false	30,33	4,39	20,03	28,25	11,16	24,22	40,44	36,87	21,61	30,00	36,22	31,95	24,90	27,82	21,72	43,37	29,09	36,17	26,47	60,63	19,52	26,13	37,30	26,95	20,80	33,10	45,72	26,71	30,08	111,24	27,62	31,07	90,10	14,02	60,95	37,99	31,06	26,91	14,18	16,78	3,46	21,28	13,79	12,85	10,12	15,52	42,80	22,43	30,24
RMI2		NM_152308.1		Endogenous	mRNA		91,67	false	37,82	4,39	15,88	26,02	35,67	56,52	57,77	51,75	81,76	28,57	21,56	54,96	31,90	26,89	72,75	32,06	7,94	34,50	24,82	10,66	44,37	31,58	3,16	55,74	24,96	15,98	23,86	20,30	72,53	27,81	14,47	31,07	34,54	52,58	21,10	70,28	60,76	19,83	15,76	31,15	3,46	19,50	35,86	65,87	91,06	71,15	21,40	72,10	86,68
RNF24		NM_007219.2		Endogenous	mRNA		95,83	false	38,17	98,51	46,96	73,60	11,16	54,09	57,77	27,65	19,27	38,57	31,90	34,35	35,02	36,17	35,83	16,97	71,27	62,32	43,85	15,33	8,87	37,82	74,60	50,84	41,60	45,66	37,77	27,78	14,15	58,27	74,98	4,53	58,56	19,28	33,99	20,89	29,71	41,07	33,09	43,14	23,32	44,32	41,38	8,03	40,47	21,99	27,24	32,05	26,21
RPA1		NM_002945.3		Endogenous	mRNA		95,83	false	119,25	4,39	73,21	57,25	11,16	58,94	115,55	65,22	66,57	64,29	60,36	150,46	80,93	180,84	133,02	64,11	72,72	161,93	78,59	97,28	228,97	203,93	44,08	110,25	48,54	105,02	145,12	65,18	222,91	152,30	135,49	248,58	120,13	157,73	76,19	115,86	148,53	141,61	61,45	256,43	159,32	141,84	176,54	125,32	135,32	155,24	85,61	208,29	151,19
RRM2		NM_001034.4		Endogenous	mRNA		100,00	false	401,05	98,51	116,03	191,44	85,06	176,01	92,44	189,29	427,48	128,58	229,80	170,72	77,04	102,94	1005,50	141,42	20,36	180,84	195,24	7,33	195,25	234,35	54,25	511,46	296,78	215,75	417,47	741,57	2715,62	373,46	244,67	313,11	385,91	1279,33	412,62	332,38	515,82	192,59	308,84	606,32	415,79	122,34	529,63	734,26	1006,71	1228,97	501,97	322,06	405,20
RUNX1		NM_001001890.2		Endogenous	mRNA		100,00	false	494,73	591,09	731,39	580,64	156,39	358,48	28,89	474,30	399,45	1202,90	370,78	154,24	349,38	328,29	469,09	652,43	1039,96	711,69	747,86	438,44	172,17	240,97	871,44	352,82	488,16	922,35	1045,66	283,17	208,76	254,27	409,09	406,33	264,28	459,16	736,15	245,01	371,33	825,57	247,39	752,51	952,03	363,46	391,70	432,20	461,62	426,90	770,46	235,53	370,93
RUVBL2		NM_006666.3		Endogenous	mRNA		100,00	false	182,62	256,14	146,42	114,49	235,96	286,62	121,32	136,12	127,89	134,29	184,10	142,90	161,07	214,23	212,83	148,97	143,99	99,60	207,65	90,62	346,12	100,60	91,55	170,90	271,82	84,47	157,05	484,05	88,46	98,00	134,17	308,33	102,11	208,55	212,17	368,47	124,23	120,37	155,99	230,07	151,55	171,98	173,78	130,14	194,77	183,70	204,29	387,75	145,15
SAMSN1		NM_001256370.1		Endogenous	mRNA		83,33	false	63,70	4,39	149,87	11,42	11,16	13,12	3,01	56,01	30,95	68,57	24,57	19,92	17,12	14,09	86,32	24,51	49,45	43,40	87,69	5,88	7,10	28,46	57,64	45,94	22,19	74,20	91,45	5,34	97,30	26,49	119,70	38,24	19,52	94,64	113,70	32,29	114,78	72,22	59,88	6,64	567,33	23,05	154,47	40,17	93,59	64,68	107,01	59,28	98,78
SERPINE1		NM_000602.2		Endogenous	mRNA		97,92	false	628,81	1300,39	1971,10	223,78	1070,05	73,47	225,31	131,16	1000,38	1780,07	115,98	22,33	182,08	323,66	196,00	595,86	2523,53	56,76	2265,08	243,21	85,20	619,20	6551,04	352,82	1163,54	89,04	11,93	4,08	81,38	50,32	157,85	19,12	54,06	120,92	211,00	36,09	956,02	79,30	167,02	23,97	1869,09	1136,48	239,99	316,52	239,03	139,71	184,83	54,48	868,85
SERPINE2		NM_006216.2		Endogenous	mRNA		93,75	false	135,47	4,39	40,75	43,86	76,82	27,45	236,87	34,03	77,09	194,29	26,30	83,82	13,41	59,35	29,32	86,74	226,90	284,90	311,06	1530,53	19,52	33,92	196,67	175,18	142,84	99,31	4,62	14,96	67,23	23,84	11,84	40,63	27,03	21,03	139,49	24,69	220,10	84,96	17,33	251,63	427,44	445,02	93,79	14,46	27,82	21,99	177,05	30,44	260,05
SH2D2A		NM_001161442.1		Endogenous	mRNA		22,92	false	9,95	4,39	37,99	11,42	11,16	13,12	3,01	17,02	13,85	38,57	15,64	14,28	13,41	14,09	8,85	5,76	17,45	6,57	9,93	5,88	3,46	7,90	27,13	9,80	7,19	6,77	4,62	4,08	2,41	5,12	6,36	4,53	3,82	3,51	8,21	4,00	4,05	8,74	4,00	6,64	50,52	3,11	4,62	2,41	5,04	2,41	3,11	8,07	3,46
SH2D4A		NM_001174159.1		Endogenous	mRNA		87,50	false	31,63	4,39	13,51	15,24	11,16	47,64	40,44	17,02	22,19	28,57	35,35	24,39	30,35	50,08	71,12	37,71	26,18	70,11	52,12	56,64	17,75	17,94	16,95	14,70	15,25	15,98	21,87	41,67	12,38	25,16	34,20	88,44	19,52	47,32	33,99	4,00	20,25	24,07	40,97	33,55	3,46	63,83	60,69	19,28	61,97	47,87	36,97	8,07	16,13
SLC20A1		NM_005415.4		Endogenous	mRNA		97,92	false	144,07	4,39	229,29	88,84	85,06	109,00	121,32	168,02	131,40	198,58	93,13	93,09	122,17	47,30	156,91	179,14	130,90	121,86	149,74	30,65	101,17	125,17	142,41	125,57	162,26	146,11	95,42	276,75	90,23	128,46	130,23	59,75	103,61	133,19	237,96	100,67	147,18	175,59	152,84	71,90	621,74	93,97	146,20	207,26	136,59	156,53	282,11	128,18	175,38
SLC22A4		NM_003059.2		Endogenous	mRNA		72,92	false	18,65	4,39	31,77	34,94	11,16	13,12	86,66	25,52	25,70	10,63	15,64	42,25	13,41	14,09	11,40	5,76	7,94	17,25	17,37	13,33	3,46	10,14	3,16	17,15	16,64	20,55	19,88	9,62	10,61	13,24	42,09	19,12	34,54	8,76	16,41	18,99	29,71	14,16	36,24	6,64	23,32	21,28	4,62	11,25	11,38	14,23	11,67	24,03	20,16
SLFN11		NM_001104587.1		Endogenous	mRNA		100,00	false	113,47	177,33	127,08	43,12	38,41	80,74	69,33	85,78	116,21	145,72	85,80	109,92	52,13	38,02	78,18	130,11	155,63	78,46	168,76	55,30	23,07	60,83	213,62	107,80	133,13	123,28	105,36	22,44	61,92	199,97	132,86	129,07	232,75	124,43	112,53	123,46	193,09	104,79	141,81	69,50	198,18	283,68	82,75	36,95	99,91	84,09	134,25	121,77	153,21
SMAD2		NM_005901.5		Endogenous	mRNA		97,92	false	168,34	4,39	145,73	101,48	38,41	71,05	63,55	93,58	123,22	92,86	93,56	117,82	111,27	69,55	118,36	99,94	130,90	169,72	151,39	174,58	58,57	418,39	84,77	112,71	83,21	249,99	276,32	185,93	429,90	264,87	330,17	121,90	265,78	162,98	276,64	112,06	174,19	273,30	217,45	246,84	194,29	200,35	300,67	239,40	107,50	182,40	276,28	92,93	169,34
SMAD3		NM_005902.3		Endogenous	mRNA		97,92	false	82,48	4,39	121,55	54,27	123,47	114,65	184,87	127,61	53,73	92,86	110,37	57,37	87,93	142,82	13,57	81,08	123,63	130,21	135,67	392,46	127,80	50,69	244,14	64,93	80,44	69,63	51,69	10,69	35,38	104,62	64,45	16,73	105,11	15,77	48,06	36,09	78,32	63,72	52,00	26,36	101,03	124,11	22,07	28,92	11,38	19,40	46,69	33,65	72,57
SMAD4		NM_005359.5		Endogenous	mRNA		100,00	false	199,06	236,43	176,80	139,03	117,98	144,52	98,21	143,21	222,50	208,58	140,55	115,08	143,18	117,78	167,76	165,94	241,44	146,90	143,95	313,17	156,20	352,49	189,89	181,31	109,56	264,83	425,42	267,14	194,60	263,54	347,27	198,39	234,25	159,48	182,86	87,37	168,79	300,21	207,99	309,15	132,12	196,80	377,91	210,48	164,41	190,17	180,94	132,99	185,46
SMAD7		NM_005904.2		Endogenous	mRNA		100,00	false	127,38	433,46	236,89	117,47	216,75	123,53	190,65	177,95	209,65	257,15	202,64	82,79	90,26	179,91	35,83	197,99	270,53	108,51	162,15	135,26	86,97	141,15	189,89	85,75	110,95	83,33	95,42	11,75	42,46	70,19	94,71	26,29	72,08	36,80	284,85	91,17	74,27	80,72	91,39	40,74	143,78	69,15	41,38	134,96	29,09	27,17	284,06	73,70	70,56
SMC1A		NM_006306.4		Endogenous	mRNA		97,92	false	238,44	4,39	111,19	145,72	79,57	126,76	69,33	122,65	144,25	80,00	99,16	124,69	154,85	164,15	514,15	77,31	104,72	132,99	86,86	113,94	94,07	177,03	71,21	202,75	79,05	234,01	361,81	227,60	884,57	336,38	242,03	435,01	307,83	429,36	250,85	305,79	419,95	178,43	296,23	266,01	229,27	210,99	372,39	443,45	484,39	433,37	250,98	338,08	425,36
SMC3		NM_005445.3		Endogenous	mRNA		100,00	false	210,30	137,92	184,40	149,43	107,00	153,40	248,42	131,16	151,25	141,43	146,59	159,05	105,83	171,57	115,10	84,85	158,54	247,06	125,75	223,88	268,02	400,06	105,11	143,94	155,32	175,79	180,90	189,13	219,37	199,97	206,52	305,94	219,23	213,81	303,60	343,78	307,87	201,08	157,57	275,60	233,15	276,59	165,51	578,41	102,44	182,40	315,19	406,98	318,51
SMURF1		NM_181349.1		Endogenous	mRNA		95,83	false	71,12	157,62	89,09	114,86	68,59	80,74	167,54	82,24	100,45	115,72	119,86	63,55	75,48	231,85	15,74	133,88	97,45	117,41	102,58	120,60	252,04	116,20	71,21	75,95	63,79	52,51	15,90	21,37	17,69	26,49	26,31	11,95	34,54	10,52	42,20	26,59	45,91	73,64	45,70	6,64	62,17	69,15	30,34	14,46	5,04	16,82	44,75	30,44	48,38
SMURF2		NM_022739.3		Endogenous	mRNA		97,92	false	120,80	4,39	121,55	113,01	57,62	79,93	132,88	126,20	107,45	114,29	136,24	140,50	105,83	56,57	90,13	133,88	106,18	149,13	185,31	165,25	69,22	157,14	111,90	138,43	109,56	131,27	202,77	107,92	90,23	215,87	185,47	86,05	229,74	87,63	99,64	64,58	186,34	121,78	127,63	139,00	139,89	93,97	137,92	73,91	89,79	89,26	126,46	67,30	191,51
SOD1		NM_000454.4		Endogenous	mRNA		100,00	false	55,99	98,51	75,97	49,44	68,59	30,68	127,10	50,34	88,77	25,72	34,06	51,53	26,46	39,88	42,35	41,48	49,45	64,55	27,30	39,98	40,82	47,18	37,30	35,53	31,90	39,95	71,57	51,29	42,46	67,54	63,14	69,32	61,57	28,04	83,23	45,58	67,52	72,22	67,76	98,26	73,83	81,56	74,48	27,31	30,35	43,98	95,33	33,65	72,57
SUMO3		NM_006936.2		Endogenous	mRNA		100,00	false	616,33	729,01	571,16	540,49	976,76	572,43	259,98	276,50	656,41	507,16	623,00	587,06	368,06	1388,30	475,06	529,86	680,70	673,85	670,09	379,13	213,00	616,08	467,93	705,63	323,13	1264,81	1043,67	443,45	504,20	419,81	469,60	781,59	423,45	564,31	771,31	678,06	554,98	1018,16	612,95	1155,12	547,90	514,17	667,55	412,92	435,06	513,58	871,63	600,85	524,13
TGFB1		NM_000660.3		Endogenous	mRNA		100,00	false	190,83	157,62	299,74	51,30	104,26	88,81	155,99	190,00	174,61	402,87	131,50	82,10	63,81	111,29	313,81	150,85	253,08	116,85	240,74	71,30	55,02	99,82	379,77	131,69	149,78	182,64	141,14	29,92	203,45	115,22	210,47	181,65	123,13	206,80	175,83	134,85	205,25	254,89	198,54	64,71	808,26	132,97	435,84	152,64	316,18	283,31	215,96	177,85	231,83
TGFBR1		NM_004612.2		Endogenous	mRNA		100,00	false	151,78	216,73	314,93	109,29	82,31	81,55	127,10	124,07	133,73	188,58	129,77	69,39	81,70	97,38	169,94	241,36	261,81	69,00	142,29	107,28	94,07	122,05	159,37	129,86	116,49	144,97	91,45	79,07	81,38	131,11	148,64	176,87	106,61	138,45	123,08	210,83	207,95	118,95	116,60	93,46	481,85	173,75	176,54	171,92	201,09	150,06	136,19	192,27	262,07
TGFBR2		NM_001024847.2		Endogenous	mRNA		95,83	false	79,92	4,39	79,42	119,70	11,16	27,45	28,89	227,58	58,40	250,01	79,76	93,78	42,80	35,24	86,87	71,65	136,72	115,74	149,74	21,32	23,07	53,03	128,85	34,30	83,21	237,44	77,53	64,11	72,53	38,41	98,66	50,19	31,53	73,61	66,82	34,19	58,06	233,65	36,24	33,55	163,21	78,01	55,17	62,66	82,21	56,92	50,59	51,27	66,52
TGFBR3		NM_003243.3		Endogenous	mRNA		100,00	false	121,64	98,51	47,65	33,46	85,06	32,30	519,96	200,64	63,07	135,72	52,17	299,20	34,24	52,86	36,38	77,31	55,27	48,97	35,57	391,13	177,50	207,44	23,74	60,64	151,16	68,49	103,37	170,97	74,30	29,14	69,72	181,65	22,52	68,35	57,44	108,26	201,20	48,15	105,57	19,17	97,15	654,23	295,16	57,84	41,74	54,33	81,72	124,98	183,45
TGIF1		NM_173210.1		Endogenous	mRNA		100,00	false	337,51	118,22	379,16	230,10	230,47	185,70	196,43	211,98	277,40	170,01	110,37	295,08	227,99	227,21	247,03	209,31	239,99	230,92	340,01	227,88	143,77	395,38	281,44	164,16	465,97	152,96	435,36	241,49	394,52	517,81	534,06	253,36	636,67	389,06	475,92	180,44	1132,91	154,35	179,63	359,48	466,30	570,90	466,18	563,95	276,97	376,45	418,31	195,48	1022,06
THBS1		NM_003246.2		Endogenous	mRNA		100,00	false	1035,09	413,76	2305,37	435,29	559,72	165,51	179,10	292,80	654,65	944,32	475,55	73,17	319,03	261,52	1210,18	1325,61	1492,30	266,54	1272,35	1709,77	85,20	409,42	549,31	512,07	687,86	1682,60	552,65	116,47	1348,08	610,52	1024,70	370,48	612,65	956,87	2262,36	210,83	2716,82	2071,72	586,16	917,86	4523,13	2806,64	388,94	1635,62	1315,30	913,32	2379,47	248,35	2832,34
TIP60		NM_001206833.2		Endogenous	mRNA		100,00	false	71,07	137,92	57,32	62,82	101,52	103,34	86,66	47,50	69,49	51,43	103,47	36,07	42,80	78,83	45,06	35,83	52,36	56,20	52,95	57,30	60,35	62,00	67,82	64,93	97,08	49,09	85,48	78,00	56,61	112,57	55,25	109,95	123,13	75,36	78,54	108,26	54,01	52,39	58,30	62,31	62,17	62,05	52,41	57,84	55,65	49,16	81,72	123,37	76,60
TMEPAI		NM_020182.3		Endogenous	mRNA		89,58	false	68,46	4,39	129,84	243,85	68,59	118,68	40,44	82,24	141,91	107,15	189,70	60,46	56,03	64,92	41,26	86,74	187,63	44,52	88,52	76,63	31,95	189,89	67,82	22,05	74,89	124,43	4,62	4,08	10,61	78,14	68,40	11,95	90,10	35,05	39,86	4,00	29,71	127,45	18,91	23,97	112,69	60,28	19,31	67,48	26,56	11,64	56,42	8,07	32,25
TNC		NM_002160.3		Endogenous	mRNA		68,75	false	33,40	4,39	66,30	59,48	11,16	33,91	23,11	18,43	90,52	80,00	47,86	15,46	39,68	24,11	8,85	103,71	37,82	17,25	81,07	5,88	3,46	58,10	44,08	12,25	81,82	47,94	4,62	4,08	2,41	148,32	6,36	4,53	151,66	8,76	15,24	4,00	24,31	53,81	14,18	6,64	23,32	3,11	16,55	43,38	5,04	10,35	11,67	8,07	16,13
TNFRSF12A		NM_016639.1		Endogenous	mRNA		97,92	false	72,27	275,84	47,65	80,29	134,44	45,21	3,01	146,76	118,55	121,43	64,24	29,54	56,80	31,53	73,29	143,31	48,00	26,15	71,15	6,00	37,27	31,97	67,82	39,20	55,47	31,96	25,84	43,81	77,84	91,38	42,09	38,24	76,58	77,11	127,77	131,05	33,76	49,56	52,00	50,33	62,17	44,32	88,27	165,49	74,62	56,92	116,74	113,76	42,33
TP53		NM_000546.2		Endogenous	mRNA		95,83	false	50,05	4,39	80,11	17,47	46,64	17,76	28,89	46,79	33,29	60,00	73,72	44,66	53,69	103,87	51,03	54,68	45,09	22,81	47,98	63,30	127,80	187,16	30,52	58,19	63,79	45,66	49,70	18,17	21,23	45,03	61,82	26,29	28,53	45,57	16,41	72,17	44,56	50,98	33,09	95,86	42,74	40,78	4,62	40,17	54,38	36,22	21,40	84,92	58,46
UBE2T		NM_014176.3		Endogenous	mRNA		95,83	false	64,44	4,39	33,15	47,58	35,67	42,79	40,44	25,52	91,10	21,43	33,63	74,20	38,13	57,50	68,41	45,26	7,94	43,40	83,55	6,66	74,55	83,05	13,56	85,75	70,73	14,84	81,51	112,20	111,46	80,78	40,78	52,58	70,57	54,33	109,02	47,48	143,13	12,74	126,06	158,17	58,29	39,01	96,55	126,93	82,21	59,51	97,28	54,48	135,07
UNG		NM_003362.3		Endogenous	mRNA		100,00	false	59,50	98,51	53,18	54,64	76,82	139,68	98,21	53,17	60,74	31,43	48,29	55,99	70,03	61,21	20,63	96,17	55,27	120,75	48,81	107,94	108,27	111,91	84,77	42,88	44,38	15,98	17,89	10,69	99,07	46,35	89,45	19,12	37,54	28,04	24,62	62,68	68,87	22,66	50,42	33,55	54,40	81,56	46,89	67,48	17,71	38,81	29,18	68,90	80,64
VCAN		NM_001126336.2		Endogenous	mRNA		100,00	false	663,50	650,20	989,69	395,52	348,45	359,28	75,10	911,02	944,31	1705,78	730,78	41,56	1111,17	87,17	845,33	1352,00	1367,22	154,69	1761,27	29,32	31,95	550,57	1495,35	405,49	913,91	2220,26	254,46	34,19	189,30	320,49	1340,40	38,24	289,81	576,58	543,91	119,66	717,01	2075,96	255,26	472,11	1056,95	214,53	143,44	981,69	886,56	518,75	575,90	80,11	685,41
WRN		NM_000553.4		Endogenous	mRNA		91,67	false	34,23	4,39	21,41	26,76	11,16	16,15	34,66	16,31	33,87	18,57	32,77	32,63	35,79	24,11	21,17	5,76	11,64	46,18	37,23	45,98	8,87	38,99	3,16	25,73	22,19	54,79	71,57	65,18	49,54	46,35	59,19	14,34	36,04	31,55	32,82	45,58	39,16	60,89	12,61	81,48	46,63	65,60	63,44	19,28	41,74	23,29	25,29	36,85	44,35
XIAP		NM_001204401.1		Endogenous	mRNA		97,92	false	147,72	4,39	221,70	111,52	71,34	46,83	115,55	112,02	114,46	85,72	121,58	139,12	114,39	163,22	122,70	120,68	84,36	99,05	166,28	141,93	56,80	116,20	81,38	136,59	73,50	175,79	304,16	188,06	238,83	260,89	286,76	117,12	252,27	136,70	162,94	112,06	209,30	253,48	110,30	194,12	163,21	175,53	206,89	175,13	126,47	122,90	200,40	78,51	217,72
XRCC1		NM_006297.2		Endogenous	mRNA		97,92	false	88,30	4,39	80,11	87,36	96,03	109,80	69,33	107,76	70,66	107,15	48,72	88,97	107,38	80,68	118,36	60,34	80,00	65,66	86,86	73,29	69,22	60,83	30,52	71,67	74,89	73,06	51,69	76,94	113,22	39,73	139,43	83,66	42,04	110,41	79,71	98,77	55,36	89,21	85,09	119,83	77,72	86,88	212,40	250,65	88,53	130,66	110,90	112,16	60,48
CC2D1B		NM_032449.2		Housekeeping	mRNA		97,92	false	43,91	4,39	47,65	49,44	85,06	64,59	23,11	46,08	54,31	51,43	60,36	45,69	43,58	64,92	40,72	71,65	62,54	38,95	46,33	43,98	51,47	47,18	50,86	52,06	44,38	34,25	35,78	25,65	33,61	52,97	26,31	40,63	52,56	49,07	32,82	43,68	37,81	41,07	44,12	23,97	38,86	39,01	30,34	35,35	37,94	47,87	44,75	38,45	30,24
COG7		NM_153603.4		Housekeeping	mRNA		100,00	false	91,64	256,14	100,83	148,69	60,36	97,69	46,22	51,75	79,42	85,72	89,25	202,67	74,70	51,93	52,12	86,74	98,90	79,01	85,21	102,61	47,92	99,82	81,38	73,50	73,50	76,48	63,61	97,24	97,30	131,11	81,56	107,56	120,13	66,60	116,05	123,46	105,32	76,47	104,00	83,88	85,49	78,01	41,38	69,09	59,44	43,98	136,19	107,35	100,80
EDC3		NM_025083.3		Housekeeping	mRNA		100,00	false	140,15	256,14	96,00	126,02	200,29	208,30	144,43	151,01	126,73	145,72	258,25	94,47	344,71	144,67	55,92	222,51	148,36	263,20	210,95	159,25	163,30	181,71	88,16	147,62	153,94	127,85	129,22	43,81	35,38	193,35	165,74	109,95	178,69	64,84	161,76	62,68	86,42	133,11	165,45	52,72	85,49	136,52	113,10	125,32	58,18	62,10	169,27	81,72	92,73
GPATCH3		NM_022078.2		Housekeeping	mRNA		95,83	false	30,69	4,39	29,01	16,36	11,16	34,72	86,66	54,59	42,63	35,72	31,47	18,55	40,46	29,68	19,00	30,17	29,09	35,61	34,75	45,31	26,62	37,04	71,21	26,34	33,28	20,55	17,89	18,17	12,38	31,78	11,84	43,02	19,52	21,03	30,48	39,89	22,96	32,57	34,67	28,76	31,09	30,14	30,34	30,53	21,50	21,99	19,46	46,47	32,25
HDAC3		NM_003883.3		Housekeeping	mRNA		100,00	false	89,69	118,22	134,68	125,27	115,24	104,15	127,10	81,53	105,70	100,00	115,98	100,99	96,49	104,79	59,18	143,31	139,63	117,97	111,68	99,95	88,75	94,75	101,72	72,89	106,78	135,84	47,71	39,54	127,38	55,62	103,92	26,29	51,05	43,81	65,64	34,19	82,37	127,45	91,39	59,91	104,92	58,51	121,37	70,69	43,00	67,27	48,64	43,26	88,70
MTMR14		NM_022485.4		Housekeeping	mRNA		97,92	false	84,09	4,39	116,03	76,95	68,59	63,78	75,10	116,98	51,39	115,72	81,05	87,25	61,47	100,16	90,13	52,80	87,27	99,60	75,28	43,31	122,47	61,61	101,72	55,74	138,68	107,30	103,37	116,47	56,61	43,70	84,19	105,17	61,57	108,66	87,92	106,36	59,41	84,96	91,39	76,69	139,89	102,83	63,44	54,63	110,03	93,14	73,93	94,53	62,49
NUBP1		NM_002484.3		Housekeeping	mRNA		100,00	false	157,06	137,92	98,76	91,07	98,77	109,00	161,76	94,29	135,49	88,57	72,00	150,46	68,48	76,97	217,71	115,02	123,63	86,81	126,57	104,61	110,05	72,53	142,41	84,53	94,30	110,73	115,30	232,94	392,75	109,92	265,71	203,17	103,61	201,54	213,34	201,33	141,78	138,78	77,21	330,72	252,58	187,94	281,36	310,09	207,41	196,63	202,34	238,74	161,27
PRPF38A		NM_032864.3		Housekeeping	mRNA		100,00	false	195,25	216,73	173,35	221,92	285,35	243,83	225,31	253,81	348,06	175,72	227,64	232,21	169,63	250,39	159,08	105,60	152,72	217,01	140,64	211,89	260,92	184,43	152,59	189,88	338,38	156,39	161,02	180,58	169,84	136,41	160,48	253,36	171,18	124,43	199,28	241,22	260,61	118,95	182,78	103,05	163,21	225,17	143,44	147,82	141,65	153,94	206,23	224,32	209,65
SAP130		NM_024545.3		Housekeeping	mRNA		97,92	false	32,04	4,39	30,39	45,72	35,67	23,41	57,77	34,74	29,20	50,00	38,37	46,37	33,46	41,73	32,03	45,26	34,91	32,27	38,88	28,65	37,27	41,72	20,34	33,69	12,48	36,53	35,78	38,47	26,54	29,14	49,99	11,95	30,03	21,03	31,65	17,09	36,46	33,99	33,09	35,95	23,32	12,41	27,58	25,71	35,41	31,05	31,13	14,42	40,32
SF3A3		NM_006802.2		Housekeeping	mRNA		100,00	false	298,78	689,60	361,21	286,97	381,38	381,08	248,42	272,24	376,67	244,30	337,15	296,79	342,38	334,79	300,24	282,85	280,72	331,64	174,55	321,83	346,12	319,74	423,85	295,24	320,35	353,87	421,44	210,50	539,59	178,78	239,40	296,38	184,70	322,46	196,93	203,23	251,16	298,79	178,05	299,56	186,52	273,04	319,98	208,87	289,62	294,95	206,23	181,06	256,02
TLK2		NM_006852.2		Housekeeping	mRNA		100,00	false	302,18	157,62	162,99	140,14	123,47	108,19	179,10	216,23	143,66	118,58	116,41	147,37	133,06	163,22	1254,70	197,99	125,09	122,97	205,16	155,92	117,15	156,36	169,54	176,41	155,32	170,09	367,77	255,38	297,21	464,84	232,83	346,58	542,07	1193,46	130,12	322,89	280,86	169,93	305,69	431,37	248,69	342,19	353,08	411,32	1243,21	958,59	169,27	286,81	233,84
ZC3H14		NM_207662.3		Housekeeping	mRNA		97,92	false	213,75	4,39	140,20	165,42	85,06	115,46	75,10	97,84	95,19	150,01	88,38	88,63	188,31	134,47	178,62	92,40	119,27	106,84	148,91	199,90	177,50	173,91	105,11	527,39	183,06	235,15	335,96	1129,46	306,06	238,38	205,20	248,58	243,26	208,55	240,30	336,18	244,41	213,83	160,72	405,01	155,43	242,90	215,16	245,83	179,59	187,58	274,33	349,29	217,72
NEG_A		ERCC_00096.1		Negative	SYSTEM		0,00	false	3,65	3,00	4,00	12,00	2,00	6,00	1,00	1,00	7,00	4,00	9,00	11,00	10,00	12,00	8,00	1,00	3,00	3,00	1,00	2,00	3,00	1,00	2,00	3,00	3,00	4,00	2,00	3,00	2,00	2,00	2,00	5,00	2,00	1,00	2,00	3,00	1,00	7,00	3,00	4,00	1,00	2,00	2,00	2,00	3,00	1,00	2,00	4,00	3,00
NEG_B		ERCC_00041.1		Negative	SYSTEM		0,00	false	2,19	1,00	1,00	3,00	3,00	5,00	3,00	4,00	2,00	1,00	5,00	5,00	5,00	5,00	4,00	5,00	3,00	1,00	3,00	1,00	1,00	1,00	3,00	2,00	5,00	1,00	1,00	1,00	1,00	1,00	2,00	2,00	2,00	1,00	1,00	1,00	2,00	2,00	1,00	1,00	3,00	2,00	1,00	2,00	1,00	1,00	1,00	1,00	1,00
NEG_C		ERCC_00019.1		Negative	SYSTEM		0,00	false	1,69	3,00	1,00	4,00	3,00	2,00	1,00	3,00	1,00	1,00	1,00	2,00	3,00	5,00	2,00	1,00	1,00	2,00	1,00	2,00	1,00	2,00	1,00	1,00	3,00	1,00	1,00	2,00	1,00	2,00	1,00	1,00	1,00	1,00	2,00	1,00	1,00	3,00	1,00	1,00	1,00	1,00	1,00	1,00	2,00	2,00	2,00	3,00	1,00
NEG_D		ERCC_00076.1		Negative	SYSTEM		0,00	false	1,96	1,00	2,00	4,00	2,00	1,00	1,00	4,00	3,00	3,00	5,00	4,00	5,00	4,00	1,00	4,00	1,00	1,00	1,00	5,00	2,00	5,00	1,00	2,00	1,00	1,00	2,00	1,00	1,00	4,00	1,00	2,00	1,00	1,00	1,00	1,00	1,00	2,00	1,00	1,00	1,00	2,00	1,00	1,00	1,00	1,00	1,00	1,00	1,00
NEG_E		ERCC_00098.1		Negative	SYSTEM		0,00	false	4,21	2,00	6,00	6,00	8,00	8,00	2,00	1,00	10,00	9,00	9,00	12,00	11,00	11,00	5,00	4,00	5,00	5,00	1,00	3,00	3,00	3,00	2,00	6,00	5,00	3,00	5,00	1,00	2,00	2,00	3,00	1,00	2,00	1,00	3,00	4,00	2,00	7,00	1,00	2,00	3,00	3,00	4,00	2,00	3,00	2,00	2,00	5,00	2,00
NEG_F		ERCC_00126.1		Negative	SYSTEM		0,00	false	5,40	4,00	14,00	6,00	11,00	13,00	2,00	6,00	13,00	9,00	15,00	9,00	10,00	9,00	6,00	1,00	8,00	6,00	7,00	5,00	1,00	8,00	2,00	5,00	6,00	7,00	2,00	4,00	2,00	4,00	7,00	1,00	4,00	1,00	2,00	1,00	2,00	6,00	4,00	7,00	2,00	1,00	4,00	1,00	5,00	2,00	3,00	8,00	3,00
NEG_G		ERCC_00144.1		Negative	SYSTEM		0,00	false	1,33	1,00	1,00	2,00	1,00	1,00	1,00	1,00	3,00	1,00	2,00	4,00	2,00	2,00	1,00	1,00	1,00	3,00	1,00	1,00	1,00	3,00	1,00	1,00	1,00	1,00	2,00	1,00	1,00	1,00	1,00	1,00	1,00	1,00	1,00	1,00	1,00	1,00	1,00	1,00	1,00	1,00	2,00	1,00	1,00	1,00	1,00	2,00	1,00
NEG_H		ERCC_00154.1		Negative	SYSTEM		0,00	false	1,42	1,00	7,00	2,00	1,00	3,00	1,00	1,00	3,00	1,00	1,00	1,00	3,00	2,00	1,00	1,00	1,00	1,00	1,00	1,00	1,00	1,00	2,00	1,00	1,00	1,00	1,00	1,00	1,00	4,00	1,00	1,00	1,00	1,00	1,00	1,00	1,00	2,00	1,00	2,00	1,00	1,00	1,00	1,00	1,00	1,00	1,00	1,00	1,00
POS_A		ERCC_00117.1		Positive	SYSTEM		0,00	false	18124,56	17783,00	34666,00	26675,00	39078,00	39527,00	7473,00	17754,00	31009,00	24650,00	45106,00	36033,00	33913,00	37750,00	19660,00	18774,00	17918,00	15379,00	14476,00	15452,00	17907,00	15531,00	11834,00	19419,00	17438,00	10480,00	10697,00	13434,00	9069,00	13870,00	12378,00	12812,00	8474,00	9011,00	10714,00	10239,00	11203,00	25135,00	12281,00	10956,00	12106,00	12321,00	13970,00	10635,00	11590,00	16245,00	8926,00	17361,00	10867,00
POS_B		ERCC_00112.1		Positive	SYSTEM		0,00	false	5021,08	4659,00	9353,00	7118,00	10455,00	10654,00	2076,00	4606,00	8107,00	6641,00	11959,00	10318,00	9844,00	10641,00	5659,00	5365,00	4584,00	4401,00	3991,00	4046,00	4912,00	4185,00	3238,00	5497,00	4635,00	3236,00	3341,00	4035,00	2835,00	3764,00	4024,00	3688,00	2599,00	2957,00	3439,00	3181,00	3560,00	4841,00	3518,00	3147,00	3397,00	3313,00	3740,00	3036,00	3416,00	4663,00	2594,00	4753,00	2991,00
POS_C		ERCC_00002.1		Positive	SYSTEM		0,00	false	1420,40	1272,00	2582,00	3027,00	2927,00	2767,00	638,00	2449,00	2445,00	2647,00	3368,00	2627,00	2617,00	2804,00	1496,00	1391,00	1297,00	1252,00	1036,00	1106,00	1354,00	1193,00	841,00	1439,00	1172,00	836,00	892,00	1034,00	766,00	1058,00	1049,00	933,00	709,00	726,00	902,00	827,00	876,00	1700,00	888,00	859,00	853,00	936,00	969,00	823,00	812,00	1266,00	656,00	1256,00	806,00
POS_D		ERCC_00092.1		Positive	SYSTEM		0,00	false	363,90	382,00	666,00	555,00	772,00	686,00	149,00	371,00	633,00	527,00	937,00	648,00	675,00	729,00	412,00	402,00	387,00	332,00	302,00	314,00	349,00	315,00	226,00	408,00	317,00	244,00	203,00	278,00	218,00	279,00	284,00	244,00	191,00	218,00	261,00	247,00	263,00	336,00	259,00	211,00	228,00	228,00	281,00	212,00	241,00	331,00	171,00	333,00	212,00
POS_E		ERCC_00035.1		Positive	SYSTEM		0,00	false	56,85	57,00	130,00	99,00	137,00	124,00	30,00	64,00	111,00	77,00	152,00	123,00	105,00	129,00	57,00	60,00	58,00	39,00	37,00	40,00	43,00	43,00	49,00	63,00	39,00	29,00	26,00	33,00	30,00	42,00	44,00	39,00	30,00	25,00	47,00	28,00	35,00	50,00	29,00	41,00	31,00	28,00	41,00	38,00	35,00	46,00	31,00	58,00	27,00
POS_F		ERCC_00034.1		Positive	SYSTEM		0,00	false	26,38	30,00	50,00	36,00	62,00	76,00	10,00	24,00	46,00	34,00	69,00	52,00	40,00	47,00	25,00	31,00	21,00	24,00	22,00	19,00	29,00	22,00	17,00	27,00	28,00	7,00	17,00	13,00	20,00	22,00	21,00	20,00	8,00	14,00	14,00	13,00	21,00	32,00	18,00	17,00	15,00	23,00	21,00	9,00	19,00	26,00	13,00	30,00	12,00